location1	0.649144	0.316174	1	1	4
location1	0.00304393	0.714519	2	2	4
location1	0.868997	0.0228021	3	3	4
location1	0.798126	0.253228	4	5	3.2
location1	0.0861033	0.260266	5	6	3.33333
location1	0.705925	0.662269	6	7	3.42857
location1	0.356982	0.341373	7	9	3.11111
location1	0.196759	0.67476	8	10	3.2
location1	0.610705	0.625926	9	12	3
location1	0.791306	0.200457	10	13	3.07692
location1	0.14979	0.409466	11	14	3.14286
location1	0.230807	0.773259	12	15	3.2
location1	0.0894321	0.591381	13	17	3.05882
location1	0.614183	0.54498	14	19	2.94737
location1	0.740927	0.412309	15	20	3
location1	0.672575	0.504132	16	22	2.90909
location1	0.489299	0.613848	17	23	2.95652
location1	0.0618918	0.846281	18	24	3
location1	0.955222	0.258651	19	25	3.04
location1	0.521041	0.840873	20	26	3.07692
location1	0.761364	0.131746	21	27	3.11111
location1	0.466799	0.55267	22	28	3.14286
location1	0.332203	0.616589	23	29	3.17241
location1	0.389847	0.550473	24	31	3.09677
location1	0.442961	0.479279	25	32	3.125
location1	0.141854	0.037431	26	33	3.15152
location1	0.437709	0.756037	27	34	3.17647
location1	0.582411	0.178636	28	35	3.2
location1	0.168346	0.380619	29	36	3.22222
location1	0.00566625	0.840921	30	37	3.24324
location1	0.341247	0.409991	31	40	3.1
location1	0.205293	0.862288	32	41	3.12195
location1	0.250864	0.966657	33	42	3.14286
location1	0.519328	0.326237	34	44	3.09091
location1	0.334251	0.481464	35	45	3.11111
location1	0.0319366	0.332208	36	47	3.06383
location1	0.203378	0.17379	37	48	3.08333
location1	0.369639	0.641087	38	49	3.10204
location1	0.819723	0.098173	39	51	3.05882
location1	0.332668	0.825389	40	52	3.07692
location1	0.939093	0.217419	41	53	3.09434
location1	0.320354	0.393862	42	54	3.11111
location1	0.164062	0.661601	43	55	3.12727
location1	0.803853	0.369355	44	56	3.14286
location1	0.523888	0.0547168	45	57	3.15789
location1	0.336013	0.517922	46	58	3.17241
location1	0.844159	0.106631	47	60	3.13333
location1	0.336804	0.733406	48	61	3.14754
location1	0.83073	0.368741	49	62	3.16129
location1	0.0656142	0.0341075	50	63	3.1746
location1	0.542531	0.435253	51	64	3.1875
location1	0.675194	0.472359	52	65	3.2
location1	0.387303	0.494917	53	66	3.21212
location1	0.570532	0.719971	54	67	3.22388
location1	0.320305	0.509625	55	68	3.23529
location1	0.903487	0.101453	56	70	3.2
location1	0.30226	0.70734	57	71	3.21127
location1	0.470808	0.826148	58	72	3.22222
location1	0.344071	0.534437	59	74	3.18919
location1	0.662161	0.18823	60	75	3.2
location1	0.422504	0.181099	61	80	3.05
location1	0.382596	0.809807	62	81	3.06173
location1	0.462752	0.467169	63	84	3
location1	0.636981	0.36624	64	85	3.01176
location1	0.0735803	0.0394293	65	87	2.98851
location1	0.84625	0.10946	66	89	2.96629
location1	0.370074	0.508411	67	90	2.97778
location1	0.29769	0.0111424	68	91	2.98901
location1	0.507376	0.219326	69	92	3
location1	0.48294	0.875082	70	93	3.01075
location1	0.169944	0.167916	71	96	2.95833
location1	0.438886	0.84596	72	97	2.96907
location1	0.121043	0.968664	73	98	2.97959
location1	0.435833	0.479262	74	100	2.96
location1	0.950036	0.00445416	75	101	2.9703
location1	0.418503	0.0236159	76	102	2.98039
location1	0.0438834	0.183892	77	103	2.99029
location1	0.293351	0.229328	78	105	2.97143
location1	0.398544	0.591041	79	106	2.98113
location1	0.24047	0.905921	80	107	2.99065
location1	0.781003	0.0169428	81	109	2.97248
location1	0.712255	0.566323	82	110	2.98182
location1	0.734239	0.0849084	83	112	2.96429
location1	0.0535725	0.570441	84	114	2.94737
location1	0.439078	0.489405	85	115	2.95652
location1	0.0497027	0.389113	86	116	2.96552
location1	0.493859	0.468205	87	117	2.97436
location1	0.412729	0.537743	88	118	2.98305
location1	0.652097	0.271983	89	119	2.9916
location1	0.501311	0.82642	90	121	2.97521
location1	0.53649	0.741781	91	122	2.98361
location1	0.732341	0.346856	92	123	2.99187
location1	0.465191	0.513344	93	124	3
location1	0.363799	0.177447	94	125	3.008
location1	0.0796672	0.00982143	95	126	3.01587
location1	0.0596465	0.813906	96	127	3.02362
location1	0.0947298	0.787806	97	128	3.03125
location1	0.669188	0.148302	98	129	3.03876
location1	0.358247	0.108266	99	130	3.04615
location1	0.637708	0.40795	100	131	3.05344
location1	0.497379	0.131567	101	132	3.06061
location1	0.66931	0.528252	102	134	3.04478
location1	0.182091	0.0971858	103	135	3.05185
location1	0.473701	0.683402	104	136	3.05882
location1	0.923606	0.0101906	105	137	3.06569
location1	0.425183	0.655947	106	138	3.07246
location1	0.357047	0.890375	107	139	3.07914
location1	0.169292	0.720846	108	140	3.08571
location1	0.0678214	0.248959	109	141	3.0922
location1	0.730668	0.127468	110	142	3.09859
location1	0.062865	0.825397	111	143	3.1049
location1	0.681471	0.337699	112	147	3.04762
location1	0.742974	0.557626	113	148	3.05405
location1	0.247807	0.412284	114	149	3.0604
location1	0.0858783	0.429899	115	150	3.06667
location1	0.50947	0.559579	116	151	3.07285
location1	0.113301	0.433076	117	152	3.07895
location1	0.56977	0.538484	118	153	3.08497
location1	0.0890233	0.926817	119	154	3.09091
location1	0.428858	0.258315	120	155	3.09677
location1	0.647663	0.49668	121	156	3.10256
location1	0.507274	0.378331	122	157	3.10828
location1	0.624148	0.570139	123	158	3.11392
location1	0.203728	0.539422	124	159	3.1195
location1	0.302192	0.177428	125	160	3.125
location1	0.812943	0.142511	126	161	3.13043
location1	0.788835	0.494414	127	162	3.1358
location1	0.48021	0.531809	128	163	3.1411
location1	0.0520397	0.728017	129	164	3.14634
location1	0.944092	0.137918	130	165	3.15152
location1	0.157916	0.453562	131	166	3.15663
location1	0.697497	0.271217	132	167	3.16168
location1	0.886638	0.267267	133	168	3.16667
location1	0.194084	0.238559	134	170	3.15294
location1	0.233976	0.841747	135	171	3.15789
location1	0.220078	0.359386	136	173	3.14451
location1	0.311389	0.423806	137	174	3.14943
location1	0.601233	0.711751	138	176	3.13636
location1	0.756092	0.390068	139	177	3.14124
location1	0.206165	0.236301	140	178	3.14607
location1	0.921877	0.258204	141	179	3.15084
location1	0.396122	0.122234	142	181	3.13812
location1	0.319531	0.0936195	143	182	3.14286
location1	0.393451	0.206169	144	183	3.14754
location1	0.360887	0.203151	145	184	3.15217
location1	0.18183	0.554971	146	185	3.15676
location1	0.44171	0.415807	147	186	3.16129
location1	0.396718	0.176949	148	187	3.16578
location1	0.157057	0.616795	149	188	3.17021
location1	0.536336	0.468445	150	189	3.1746
location1	0.0406011	0.435144	151	190	3.17895
location1	0.0820257	0.641834	152	191	3.18325
location1	0.146895	0.838117	153	192	3.1875
location1	0.0319021	0.353059	154	193	3.19171
location1	0.0744188	0.953779	155	194	3.19588
location1	0.611264	0.0387373	156	195	3.2
location1	0.819748	0.00738598	157	196	3.20408
location1	0.160972	0.139279	158	197	3.20812
location1	0.101006	0.554422	159	198	3.21212
location1	0.345448	0.461892	160	199	3.21608
location1	0.757574	0.527279	161	200	3.22
