# ./monte N=20 seed=2389
location1	0.649144	0.316174	1	1	4
location1	0.00304393	0.714519	2	2	4
location1	0.868997	0.0228021	3	3	4
location0	0.95051	0.782498	3	4	3
location1	0.798126	0.253228	4	5	3.2
location1	0.0861033	0.260266	5	6	3.33333
location1	0.705925	0.662269	6	7	3.42857
location0	0.941274	0.557759	6	8	3
location1	0.356982	0.341373	7	9	3.11111
location1	0.196759	0.67476	8	10	3.2
location0	0.885652	0.502714	8	11	2.90909
location1	0.610705	0.625926	9	12	3
location1	0.791306	0.200457	10	13	3.07692
location1	0.14979	0.409466	11	14	3.14286
location1	0.230807	0.773259	12	15	3.2
location0	0.588337	0.879951	12	16	3
location1	0.0894321	0.591381	13	17	3.05882
location0	0.59447	0.95843	13	18	2.88889
location1	0.614183	0.54498	14	19	2.94737
location1	0.740927	0.412309	15	20	3
